245300389 -> 245300389 245300355 245300306
200055887 -> 200055887 200042182 200033298
200072718 -> 200072700 200072718 200068963
247200686 -> 200072684 247200686 200072692 200070373
247200447 -> 247200132 247200421 247200447
247200629 -> 200073112 247200348 247200629 200040475 247200090
245300223 -> 200048551 245300447 245300223
200068955 -> 200068955 244900882
200072726 -> 244400537 200072726
200000438 -> 50 244400453 200000438
200071934 -> 200071934 248500563 
248500530 -> 200071165 248500530
248500258 -> 200071629 248500258
200071546 -> 200067635 244400438 200071546
